# Hybrid Final Honest Improvement v1 - Executive Summary

Campaign objective: verify real residual margin and only promote replacements with material, honest gains.

## Focus slots inventory
| domain | mode | role | active_model_id | source_campaign | feature_set_id | final_operational_class | confidence_pct | confidence_band | overfit_flag | generalization_flag | dataset_ease_flag | precision | recall | specificity | balanced_accuracy | f1 | roc_auc | pr_auc | brier | secondary_metric_peak | secondary_metric_anomaly_flag | feature_audit_status | old_best_single_feature | old_best_single_rule | old_best_single_feature_ba | old_shortcut_gap_vs_model_ba | shortcut_dominance_flag | normalized_final_class | classification_reason_code |
| --- | --- | --- | --- | --- | --- | --- | --- | --- | --- | --- | --- | --- | --- | --- | --- | --- | --- | --- | --- | --- | --- | --- | --- | --- | --- | --- | --- | --- | --- |
| anxiety | caregiver_2_3 | caregiver | anxiety__caregiver_2_3__rebuild_v2__rf__compact_subset | rebuild_v2 | compact_subset | ACTIVE_HIGH_CONFIDENCE | 89.700000 | high | no | yes | no | 0.873563 | 0.883721 | 0.972081 | 0.927901 | 0.878613 | 0.991884 | 0.952481 | 0.030676 | 0.991884 | yes | exact_v2 | social_anxiety_almost_always_triggered | social_anxiety_almost_always_triggered >= 2 | 0.884754 | -0.043147 | no | PRIMARY_WITH_CAVEAT | robust_metrics_blocked_by_unresolved_secondary_anomaly |
| anxiety | caregiver_full | caregiver | anxiety__caregiver_full__rebuild_v2__rf__precision_oriented_subset | rebuild_v2 | precision_oriented_subset | ACTIVE_HIGH_CONFIDENCE | 95.300000 | high | no | yes | no | 0.916667 | 0.895349 | 0.982234 | 0.938791 | 0.905882 | 0.991146 | 0.946538 | 0.027444 | 0.991146 | yes | exact_v2 | social_anxiety_almost_always_triggered | social_anxiety_almost_always_triggered >= 2 | 0.884754 | -0.054037 | no | PRIMARY_WITH_CAVEAT | robust_metrics_blocked_by_unresolved_secondary_anomaly |
| anxiety | psychologist_2_3 | psychologist | anxiety__psychologist_2_3__rebuild_v2__rf__precision_oriented_subset | rebuild_v2 | precision_oriented_subset | ACTIVE_HIGH_CONFIDENCE | 93.800000 | high | no | yes | no | 0.905882 | 0.895349 | 0.979695 | 0.937522 | 0.900585 | 0.989818 | 0.930288 | 0.030218 | 0.989818 | yes | exact_v2 | social_anxiety_almost_always_triggered | social_anxiety_almost_always_triggered >= 2 | 0.884754 | -0.052768 | no | PRIMARY_WITH_CAVEAT | robust_metrics_blocked_by_unresolved_secondary_anomaly |
| anxiety | psychologist_full | psychologist | anxiety__psychologist_full__rebuild_v2__rf__precision_oriented_subset | rebuild_v2 | precision_oriented_subset | ACTIVE_HIGH_CONFIDENCE | 94.500000 | high | no | yes | no | 0.915663 | 0.883721 | 0.982234 | 0.932977 | 0.899408 | 0.991161 | 0.944218 | 0.026761 | 0.991161 | yes | exact_v2 | social_anxiety_almost_always_triggered | social_anxiety_almost_always_triggered >= 2 | 0.884754 | -0.048223 | no | PRIMARY_WITH_CAVEAT | robust_metrics_blocked_by_unresolved_secondary_anomaly |
| depression | caregiver_2_3 | caregiver | depression__caregiver_2_3__rebuild_v2__rf__full_eligible | rebuild_v2 | full_eligible | ACTIVE_LIMITED_USE | 56.300000 | low | no | yes | no | 0.831325 | 0.841463 | 0.964824 | 0.903144 | 0.836364 | 0.957363 | 0.843414 | 0.045455 | 0.964824 | no | exact_v2 | mdd_impairment | mdd_impairment >= 2 | 0.888773 | -0.014371 | no | HOLD_FOR_LIMITATION | fails_minimum_gate_or_has_strong_risk |
| depression | caregiver_full | caregiver | depression__caregiver_full__boosted_v3__catboost__full_eligible | boosted_v3 | full_eligible | ACTIVE_HIGH_CONFIDENCE | 91.400000 | high | no | yes | no | 0.840909 | 0.948718 | 0.965174 | 0.956946 | 0.891566 | 0.990911 | 0.943474 | 0.029367 | 0.990911 | yes | mapped_v2_by_name_por_confirmar | mdd_impairment | mdd_impairment >= 2 | 0.888773 | -0.068173 | no | PRIMARY_WITH_CAVEAT | robust_metrics_blocked_by_unresolved_secondary_anomaly |
| depression | psychologist_2_3 | psychologist | depression__psychologist_2_3__rebuild_v2__rf__full_eligible | rebuild_v2 | full_eligible | ACTIVE_LIMITED_USE | 54.100000 | limited | no | yes | no | 0.827160 | 0.817073 | 0.964824 | 0.890949 | 0.822086 | 0.955678 | 0.833041 | 0.047903 | 0.964824 | no | exact_v2 | mdd_impairment | mdd_impairment >= 2 | 0.888773 | -0.002176 | no | HOLD_FOR_LIMITATION | fails_minimum_gate_or_has_strong_risk |
| depression | psychologist_full | psychologist | depression__psychologist_full__boosted_v3__hgb__full_eligible | boosted_v3 | full_eligible | ACTIVE_HIGH_CONFIDENCE | 92.800000 | high | no | yes | no | 0.869048 | 0.935897 | 0.972637 | 0.954267 | 0.901235 | 0.992314 | 0.953308 | 0.025333 | 0.992314 | yes | mapped_v2_by_name_por_confirmar | mdd_impairment | mdd_impairment >= 2 | 0.888773 | -0.065494 | no | PRIMARY_WITH_CAVEAT | robust_metrics_blocked_by_unresolved_secondary_anomaly |
| elimination | caregiver_2_3 | caregiver | elimination__caregiver_2_3__rebuild_v2__rf__engineered_compact | rebuild_v2 | engineered_compact | ACTIVE_HIGH_CONFIDENCE | 100.000000 | high | no | yes | no | 0.925926 | 0.961538 | 0.990654 | 0.976096 | 0.943396 | 0.997079 | 0.955948 | 0.010039 | 0.997079 | yes | exact_v2 | eng_elimination_intensity | eng_elimination_intensity >= 0.969 | 0.965852 | -0.010244 | no | PRIMARY_WITH_CAVEAT | robust_metrics_blocked_by_unresolved_secondary_anomaly |
| elimination | caregiver_full | caregiver | elimination__caregiver_full__rebuild_v2__rf__engineered_compact | rebuild_v2 | engineered_compact | ACTIVE_HIGH_CONFIDENCE | 100.000000 | high | no | yes | no | 0.961538 | 0.961538 | 0.995327 | 0.978433 | 0.961538 | 0.997214 | 0.958261 | 0.008134 | 0.997214 | yes | exact_v2 | eng_elimination_intensity | eng_elimination_intensity >= 0.969 | 0.965852 | -0.012581 | no | PRIMARY_WITH_CAVEAT | robust_metrics_blocked_by_unresolved_secondary_anomaly |
| elimination | psychologist_2_3 | psychologist | elimination__psychologist_2_3__rebuild_v2__rf__engineered_pruned | rebuild_v2 | engineered_pruned | ACTIVE_HIGH_CONFIDENCE | 100.000000 | high | no | yes | no | 0.961538 | 0.961538 | 0.995327 | 0.978433 | 0.961538 | 0.997192 | 0.957705 | 0.008223 | 0.997192 | yes | exact_v2 | eng_elimination_intensity | eng_elimination_intensity >= 0.969 | 0.965852 | -0.012581 | no | PRIMARY_WITH_CAVEAT | robust_metrics_blocked_by_unresolved_secondary_anomaly |
| elimination | psychologist_full | psychologist | elimination__psychologist_full__rebuild_v2__rf__engineered_compact | rebuild_v2 | engineered_compact | ACTIVE_HIGH_CONFIDENCE | 100.000000 | high | no | yes | no | 0.943396 | 0.961538 | 0.992991 | 0.977265 | 0.952381 | 0.998090 | 0.973474 | 0.009137 | 0.998090 | yes | exact_v2 | eng_elimination_intensity | eng_elimination_intensity >= 0.969 | 0.965852 | -0.011413 | no | PRIMARY_WITH_CAVEAT | robust_metrics_blocked_by_unresolved_secondary_anomaly |

## Margin audit
| domain | mode | role | active_model_id | normalized_final_class | confidence_pct | old_balanced_accuracy | old_f1 | old_precision | old_recall | old_roc_auc | old_pr_auc | old_brier | old_secondary_max_metric | old_secondary_metric_anomaly_flag | winner_model_family | winner_feature_set_id | winner_config_id | winner_calibration | winner_threshold_policy | winner_threshold | new_balanced_accuracy | new_f1 | new_precision | new_recall | new_roc_auc | new_pr_auc | new_brier | new_secondary_max_metric | new_secondary_metric_anomaly_flag | delta_balanced_accuracy | delta_f1 | delta_precision | delta_recall | delta_roc_auc | delta_pr_auc | delta_brier | margin_status |
| --- | --- | --- | --- | --- | --- | --- | --- | --- | --- | --- | --- | --- | --- | --- | --- | --- | --- | --- | --- | --- | --- | --- | --- | --- | --- | --- | --- | --- | --- | --- | --- | --- | --- | --- | --- | --- | --- |
| anxiety | caregiver_2_3 | caregiver | anxiety__caregiver_2_3__rebuild_v2__rf__compact_subset | PRIMARY_WITH_CAVEAT | 89.700000 | 0.927901 | 0.878613 | 0.873563 | 0.883721 | 0.991884 | 0.952481 | 0.030676 | 0.991884 | yes | hgb | compact_subset_no_shortcut_v1 | hgb_regularized_v1 | none | balanced | 0.140000 | 0.950626 | 0.885246 | 0.835052 | 0.941860 | 0.994393 | 0.978299 | 0.021295 | 0.994393 | yes | 0.022725 | 0.006633 | -0.038512 | 0.058140 | 0.002509 | 0.025818 | -0.009381 | material_candidate |
| anxiety | caregiver_full | caregiver | anxiety__caregiver_full__rebuild_v2__rf__precision_oriented_subset | PRIMARY_WITH_CAVEAT | 95.300000 | 0.938791 | 0.905882 | 0.916667 | 0.895349 | 0.991146 | 0.946538 | 0.027444 | 0.991146 | yes | rf | engineered_compact | rf_regularized_v2 | none | balanced | 0.510000 | 0.944812 | 0.879121 | 0.833333 | 0.930233 | 0.992769 | 0.970544 | 0.029193 | 0.992769 | yes | 0.006021 | -0.026761 | -0.083333 | 0.034884 | 0.001623 | 0.024006 | 0.001750 | material_candidate |
| anxiety | psychologist_2_3 | psychologist | anxiety__psychologist_2_3__rebuild_v2__rf__precision_oriented_subset | PRIMARY_WITH_CAVEAT | 93.800000 | 0.937522 | 0.900585 | 0.905882 | 0.895349 | 0.989818 | 0.930288 | 0.030218 | 0.989818 | yes | rf | precision_oriented_subset_no_shortcut_v1 | rf_regularized_v2 | none | balanced | 0.575000 | 0.939529 | 0.891429 | 0.876404 | 0.906977 | 0.992032 | 0.963320 | 0.030907 | 0.992032 | yes | 0.002007 | -0.009156 | -0.029478 | 0.011628 | 0.002213 | 0.033033 | 0.000689 | material_candidate |
| anxiety | psychologist_full | psychologist | anxiety__psychologist_full__rebuild_v2__rf__precision_oriented_subset | PRIMARY_WITH_CAVEAT | 94.500000 | 0.932977 | 0.899408 | 0.915663 | 0.883721 | 0.991161 | 0.944218 | 0.026761 | 0.991161 | yes | hgb | precision_oriented_subset_no_shortcut_v1 | hgb_regularized_v1 | none | balanced | 0.295000 | 0.958978 | 0.901099 | 0.854167 | 0.953488 | 0.993979 | 0.973415 | 0.021759 | 0.993979 | yes | 0.026000 | 0.001691 | -0.061496 | 0.069767 | 0.002818 | 0.029197 | -0.005002 | material_candidate |
| depression | caregiver_2_3 | caregiver | depression__caregiver_2_3__rebuild_v2__rf__full_eligible | HOLD_FOR_LIMITATION | 56.300000 | 0.903144 | 0.836364 | 0.831325 | 0.841463 | 0.957363 | 0.843414 | 0.045455 | 0.964824 | no | rf | compact_subset | rf_regularized_v2 | none | balanced | 0.430000 | 0.910314 | 0.830409 | 0.797753 | 0.865854 | 0.977172 | 0.859132 | 0.044769 | 0.977172 | no | 0.007170 | -0.005954 | -0.033572 | 0.024390 | 0.019809 | 0.015717 | -0.000687 | material_candidate |
| depression | caregiver_full | caregiver | depression__caregiver_full__boosted_v3__catboost__full_eligible | PRIMARY_WITH_CAVEAT | 91.400000 | 0.956946 | 0.891566 | 0.840909 | 0.948718 | 0.990911 | 0.943474 | 0.029367 | 0.990911 | yes | hgb | full_eligible | hgb_regularized_v1 | none | balanced | 0.515000 | 0.914266 | 0.864198 | 0.875000 | 0.853659 | 0.985966 | 0.889889 | 0.035396 | 0.985966 | yes | -0.042680 | -0.027369 | 0.034091 | -0.095059 | -0.004944 | -0.053585 | 0.006029 | near_ceiling_or_minor_gain |
| depression | psychologist_2_3 | psychologist | depression__psychologist_2_3__rebuild_v2__rf__full_eligible | HOLD_FOR_LIMITATION | 54.100000 | 0.890949 | 0.822086 | 0.827160 | 0.817073 | 0.955678 | 0.833041 | 0.047903 | 0.964824 | no | rf | compact_subset | rf_regularized_v2 | none | balanced | 0.395000 | 0.926094 | 0.840909 | 0.787234 | 0.902439 | 0.979409 | 0.867512 | 0.042901 | 0.979409 | no | 0.035145 | 0.018823 | -0.039926 | 0.085366 | 0.023731 | 0.034471 | -0.005002 | material_candidate |
| depression | psychologist_full | psychologist | depression__psychologist_full__boosted_v3__hgb__full_eligible | PRIMARY_WITH_CAVEAT | 92.800000 | 0.954267 | 0.901235 | 0.869048 | 0.935897 | 0.992314 | 0.953308 | 0.025333 | 0.992314 | yes | hgb | full_eligible | hgb_regularized_v1 | none | balanced | 0.570000 | 0.910681 | 0.867925 | 0.896104 | 0.841463 | 0.988234 | 0.917333 | 0.031362 | 0.988234 | yes | -0.043586 | -0.033310 | 0.027056 | -0.094434 | -0.004080 | -0.035975 | 0.006029 | near_ceiling_or_minor_gain |
| elimination | caregiver_2_3 | caregiver | elimination__caregiver_2_3__rebuild_v2__rf__engineered_compact | PRIMARY_WITH_CAVEAT | 100.000000 | 0.976096 | 0.943396 | 0.925926 | 0.961538 | 0.997079 | 0.955948 | 0.010039 | 0.997079 | yes | rf | engineered_compact | rf_regularized_v2 | none | balanced | 0.430000 | 0.996495 | 0.971963 | 0.945455 | 1.000000 | 0.997371 | 0.935081 | 0.008648 | 0.997371 | yes | 0.020399 | 0.028566 | 0.019529 | 0.038462 | 0.000292 | -0.020867 | -0.001391 | material_candidate |
| elimination | caregiver_full | caregiver | elimination__caregiver_full__rebuild_v2__rf__engineered_compact | PRIMARY_WITH_CAVEAT | 100.000000 | 0.978433 | 0.961538 | 0.961538 | 0.961538 | 0.997214 | 0.958261 | 0.008134 | 0.997214 | yes | rf | engineered_compact | rf_regularized_v2 | none | balanced | 0.345000 | 0.994159 | 0.954128 | 0.912281 | 1.000000 | 0.997529 | 0.962616 | 0.008911 | 0.997529 | yes | 0.015726 | -0.007410 | -0.049258 | 0.038462 | 0.000315 | 0.004355 | 0.000777 | material_candidate |
| elimination | psychologist_2_3 | psychologist | elimination__psychologist_2_3__rebuild_v2__rf__engineered_pruned | PRIMARY_WITH_CAVEAT | 100.000000 | 0.978433 | 0.961538 | 0.961538 | 0.961538 | 0.997192 | 0.957705 | 0.008223 | 0.997192 | yes | rf | engineered_pruned | rf_regularized_v2 | none | balanced | 0.380000 | 0.992991 | 0.945455 | 0.896552 | 1.000000 | 0.997237 | 0.933929 | 0.009680 | 0.997237 | yes | 0.014558 | -0.016084 | -0.064987 | 0.038462 | 0.000045 | -0.023775 | 0.001457 | material_candidate |
| elimination | psychologist_full | psychologist | elimination__psychologist_full__rebuild_v2__rf__engineered_compact | PRIMARY_WITH_CAVEAT | 100.000000 | 0.977265 | 0.952381 | 0.943396 | 0.961538 | 0.998090 | 0.973474 | 0.009137 | 0.998090 | yes | rf | engineered_compact | rf_regularized_v2 | none | balanced | 0.375000 | 0.994159 | 0.954128 | 0.912281 | 1.000000 | 0.998472 | 0.985723 | 0.008781 | 0.998472 | yes | 0.016894 | 0.001747 | -0.031116 | 0.038462 | 0.000382 | 0.012249 | -0.000356 | material_candidate |

## Deep retrain targets
| domain | mode | role | active_model_id | normalized_final_class | confidence_pct | old_balanced_accuracy | old_f1 | old_precision | old_recall | old_roc_auc | old_pr_auc | old_brier | old_secondary_max_metric | old_secondary_metric_anomaly_flag | winner_model_family | winner_feature_set_id | winner_config_id | winner_calibration | winner_threshold_policy | winner_threshold | new_balanced_accuracy | new_f1 | new_precision | new_recall | new_roc_auc | new_pr_auc | new_brier | new_secondary_max_metric | new_secondary_metric_anomaly_flag | delta_balanced_accuracy | delta_f1 | delta_precision | delta_recall | delta_roc_auc | delta_pr_auc | delta_brier | margin_status |
| --- | --- | --- | --- | --- | --- | --- | --- | --- | --- | --- | --- | --- | --- | --- | --- | --- | --- | --- | --- | --- | --- | --- | --- | --- | --- | --- | --- | --- | --- | --- | --- | --- | --- | --- | --- | --- | --- |
| anxiety | caregiver_full | caregiver | anxiety__caregiver_full__rebuild_v2__rf__precision_oriented_subset | PRIMARY_WITH_CAVEAT | 95.300000 | 0.938791 | 0.905882 | 0.916667 | 0.895349 | 0.991146 | 0.946538 | 0.027444 | 0.991146 | yes | rf | engineered_compact | rf_regularized_v2 | none | balanced | 0.510000 | 0.944812 | 0.879121 | 0.833333 | 0.930233 | 0.992769 | 0.970544 | 0.029193 | 0.992769 | yes | 0.006021 | -0.026761 | -0.083333 | 0.034884 | 0.001623 | 0.024006 | 0.001750 | material_candidate |
| anxiety | psychologist_full | psychologist | anxiety__psychologist_full__rebuild_v2__rf__precision_oriented_subset | PRIMARY_WITH_CAVEAT | 94.500000 | 0.932977 | 0.899408 | 0.915663 | 0.883721 | 0.991161 | 0.944218 | 0.026761 | 0.991161 | yes | hgb | precision_oriented_subset_no_shortcut_v1 | hgb_regularized_v1 | none | balanced | 0.295000 | 0.958978 | 0.901099 | 0.854167 | 0.953488 | 0.993979 | 0.973415 | 0.021759 | 0.993979 | yes | 0.026000 | 0.001691 | -0.061496 | 0.069767 | 0.002818 | 0.029197 | -0.005002 | material_candidate |
| anxiety | caregiver_2_3 | caregiver | anxiety__caregiver_2_3__rebuild_v2__rf__compact_subset | PRIMARY_WITH_CAVEAT | 89.700000 | 0.927901 | 0.878613 | 0.873563 | 0.883721 | 0.991884 | 0.952481 | 0.030676 | 0.991884 | yes | hgb | compact_subset_no_shortcut_v1 | hgb_regularized_v1 | none | balanced | 0.140000 | 0.950626 | 0.885246 | 0.835052 | 0.941860 | 0.994393 | 0.978299 | 0.021295 | 0.994393 | yes | 0.022725 | 0.006633 | -0.038512 | 0.058140 | 0.002509 | 0.025818 | -0.009381 | material_candidate |
| anxiety | psychologist_2_3 | psychologist | anxiety__psychologist_2_3__rebuild_v2__rf__precision_oriented_subset | PRIMARY_WITH_CAVEAT | 93.800000 | 0.937522 | 0.900585 | 0.905882 | 0.895349 | 0.989818 | 0.930288 | 0.030218 | 0.989818 | yes | rf | precision_oriented_subset_no_shortcut_v1 | rf_regularized_v2 | none | balanced | 0.575000 | 0.939529 | 0.891429 | 0.876404 | 0.906977 | 0.992032 | 0.963320 | 0.030907 | 0.992032 | yes | 0.002007 | -0.009156 | -0.029478 | 0.011628 | 0.002213 | 0.033033 | 0.000689 | material_candidate |
| depression | caregiver_full | caregiver | depression__caregiver_full__boosted_v3__catboost__full_eligible | PRIMARY_WITH_CAVEAT | 91.400000 | 0.956946 | 0.891566 | 0.840909 | 0.948718 | 0.990911 | 0.943474 | 0.029367 | 0.990911 | yes | hgb | full_eligible | hgb_regularized_v1 | none | balanced | 0.515000 | 0.914266 | 0.864198 | 0.875000 | 0.853659 | 0.985966 | 0.889889 | 0.035396 | 0.985966 | yes | -0.042680 | -0.027369 | 0.034091 | -0.095059 | -0.004944 | -0.053585 | 0.006029 | near_ceiling_or_minor_gain |
| depression | psychologist_full | psychologist | depression__psychologist_full__boosted_v3__hgb__full_eligible | PRIMARY_WITH_CAVEAT | 92.800000 | 0.954267 | 0.901235 | 0.869048 | 0.935897 | 0.992314 | 0.953308 | 0.025333 | 0.992314 | yes | hgb | full_eligible | hgb_regularized_v1 | none | balanced | 0.570000 | 0.910681 | 0.867925 | 0.896104 | 0.841463 | 0.988234 | 0.917333 | 0.031362 | 0.988234 | yes | -0.043586 | -0.033310 | 0.027056 | -0.094434 | -0.004080 | -0.035975 | 0.006029 | near_ceiling_or_minor_gain |
| depression | caregiver_2_3 | caregiver | depression__caregiver_2_3__rebuild_v2__rf__full_eligible | HOLD_FOR_LIMITATION | 56.300000 | 0.903144 | 0.836364 | 0.831325 | 0.841463 | 0.957363 | 0.843414 | 0.045455 | 0.964824 | no | rf | compact_subset | rf_regularized_v2 | none | balanced | 0.430000 | 0.910314 | 0.830409 | 0.797753 | 0.865854 | 0.977172 | 0.859132 | 0.044769 | 0.977172 | no | 0.007170 | -0.005954 | -0.033572 | 0.024390 | 0.019809 | 0.015717 | -0.000687 | material_candidate |
| depression | psychologist_2_3 | psychologist | depression__psychologist_2_3__rebuild_v2__rf__full_eligible | HOLD_FOR_LIMITATION | 54.100000 | 0.890949 | 0.822086 | 0.827160 | 0.817073 | 0.955678 | 0.833041 | 0.047903 | 0.964824 | no | rf | compact_subset | rf_regularized_v2 | none | balanced | 0.395000 | 0.926094 | 0.840909 | 0.787234 | 0.902439 | 0.979409 | 0.867512 | 0.042901 | 0.979409 | no | 0.035145 | 0.018823 | -0.039926 | 0.085366 | 0.023731 | 0.034471 | -0.005002 | material_candidate |
| elimination | caregiver_full | caregiver | elimination__caregiver_full__rebuild_v2__rf__engineered_compact | PRIMARY_WITH_CAVEAT | 100.000000 | 0.978433 | 0.961538 | 0.961538 | 0.961538 | 0.997214 | 0.958261 | 0.008134 | 0.997214 | yes | rf | engineered_compact | rf_regularized_v2 | none | balanced | 0.345000 | 0.994159 | 0.954128 | 0.912281 | 1.000000 | 0.997529 | 0.962616 | 0.008911 | 0.997529 | yes | 0.015726 | -0.007410 | -0.049258 | 0.038462 | 0.000315 | 0.004355 | 0.000777 | material_candidate |
| elimination | psychologist_full | psychologist | elimination__psychologist_full__rebuild_v2__rf__engineered_compact | PRIMARY_WITH_CAVEAT | 100.000000 | 0.977265 | 0.952381 | 0.943396 | 0.961538 | 0.998090 | 0.973474 | 0.009137 | 0.998090 | yes | rf | engineered_compact | rf_regularized_v2 | none | balanced | 0.375000 | 0.994159 | 0.954128 | 0.912281 | 1.000000 | 0.998472 | 0.985723 | 0.008781 | 0.998472 | yes | 0.016894 | 0.001747 | -0.031116 | 0.038462 | 0.000382 | 0.012249 | -0.000356 | material_candidate |
| elimination | caregiver_2_3 | caregiver | elimination__caregiver_2_3__rebuild_v2__rf__engineered_compact | PRIMARY_WITH_CAVEAT | 100.000000 | 0.976096 | 0.943396 | 0.925926 | 0.961538 | 0.997079 | 0.955948 | 0.010039 | 0.997079 | yes | rf | engineered_compact | rf_regularized_v2 | none | balanced | 0.430000 | 0.996495 | 0.971963 | 0.945455 | 1.000000 | 0.997371 | 0.935081 | 0.008648 | 0.997371 | yes | 0.020399 | 0.028566 | 0.019529 | 0.038462 | 0.000292 | -0.020867 | -0.001391 | material_candidate |
| elimination | psychologist_2_3 | psychologist | elimination__psychologist_2_3__rebuild_v2__rf__engineered_pruned | PRIMARY_WITH_CAVEAT | 100.000000 | 0.978433 | 0.961538 | 0.961538 | 0.961538 | 0.997192 | 0.957705 | 0.008223 | 0.997192 | yes | rf | engineered_pruned | rf_regularized_v2 | none | balanced | 0.380000 | 0.992991 | 0.945455 | 0.896552 | 1.000000 | 0.997237 | 0.933929 | 0.009680 | 0.997237 | yes | 0.014558 | -0.016084 | -0.064987 | 0.038462 | 0.000045 | -0.023775 | 0.001457 | material_candidate |

## Selection result
| domain | mode | role | active_model_id | source_campaign_old | feature_set_id_old | feature_set_id | config_id | model_family | calibration | threshold_policy | threshold | seed | n_features | feature_list_pipe | train_precision | train_recall | train_balanced_accuracy | val_precision | val_recall | val_balanced_accuracy | precision | recall | specificity | balanced_accuracy | f1 | roc_auc | pr_auc | brier | overfit_gap_train_val_ba | generalization_gap_val_holdout_ba | quality_label | ranking_score | val_selection_score | threshold_policy_score | secondary_max_metric | secondary_metric_anomaly_flag | overfit_warning | new_best_single_feature | new_best_single_rule | new_best_single_feature_ba | new_shortcut_gap_vs_model_ba | promotion_decision | generalization_ok | material_gain_ok | class_upgrade_candidate | anomaly_guard_ok | old_precision | old_recall | old_specificity | old_balanced_accuracy | old_f1 | old_roc_auc | old_pr_auc | old_brier | old_final_operational_class | old_confidence_pct | delta_precision | delta_recall | delta_balanced_accuracy | delta_f1 | delta_pr_auc | delta_brier | old_secondary_anomaly | ranking_gain |
| --- | --- | --- | --- | --- | --- | --- | --- | --- | --- | --- | --- | --- | --- | --- | --- | --- | --- | --- | --- | --- | --- | --- | --- | --- | --- | --- | --- | --- | --- | --- | --- | --- | --- | --- | --- | --- | --- | --- | --- | --- | --- | --- | --- | --- | --- | --- | --- | --- | --- | --- | --- | --- | --- | --- | --- | --- | --- | --- | --- | --- | --- | --- | --- | --- |
| anxiety | caregiver_full | caregiver | anxiety__caregiver_full__rebuild_v2__rf__precision_oriented_subset | rebuild_v2 | precision_oriented_subset | engineered_compact | rf_precision_guard_v2 | rf | none | balanced | 0.445000 | 20270421 | 53 | age_years|agor_almost_always_triggered|agor_avoid_or_need_companion|agor_duration_months|agor_escape_help_cognition|agor_fear_01_public_transport|agor_fear_02_open_spaces|agor_fear_03_enclosed_spaces|agor_fear_04_crowds_queues|agor_fear_05_outside_home_alone|agor_impairment|dmdd_outbursts_frequency_per_week|eng_adhd_context_spread|eng_adhd_core_mean|eng_anxiety_core_mean|eng_conduct_core_mean|eng_depression_core_mean|eng_elimination_intensity|eng_externalizing_index|eng_internalizing_index|eng_mood_discrepancy|gad_assoc_01_restlessness|gad_assoc_02_fatigue|gad_assoc_03_concentration_difficulty|gad_assoc_04_irritability|gad_assoc_05_muscle_tension|gad_assoc_06_sleep_problems|gad_difficulty_controlling_worry|gad_duration_months|gad_excessive_worry_multiple_areas|gad_impairment|mdd_01_depressed_or_irritable_mood|mdd_07_worthlessness_or_excessive_guilt|mdd_08_concentration_or_decision_difficulty|pdd_02_sleep_change|sep_anx_01_distress_on_separation|sep_anx_02_worry_losing_attachment_figures|sep_anx_03_worry_event_causing_separation|sep_anx_04_refuses_leaving_home_school|sep_anx_05_fear_being_alone_without_attachment|sep_anx_06_refuses_sleep_away_or_alone|sep_anx_07_separation_nightmares|sep_anx_08_physical_complaints_on_separation|sep_anx_duration_weeks|sep_anx_impairment|social_anxiety_almost_always_triggered|social_anxiety_avoid_or_endure_intense|social_anxiety_duration_months|social_anxiety_fear_being_observed|social_anxiety_fear_interactions|social_anxiety_fear_negative_evaluation|social_anxiety_fear_performance|social_anxiety_impairment | 0.951311 | 0.984496 | 0.986749 | 0.909091 | 0.930233 | 0.954964 | 0.869565 | 0.930233 | 0.969543 | 0.949888 | 0.898876 | 0.992947 | 0.970439 | 0.026002 | 0.031785 | 0.005076 | bueno | 0.844652 | 0.934797 | 0.937289 | 0.992947 | yes | no | eng_anxiety_core_mean | eng_anxiety_core_mean >= 1.22222 | 0.936460 | -0.013428 | PROMOTE_NOW | yes | yes | no | yes | 0.916667 | 0.895349 | 0.982234 | 0.938791 | 0.905882 | 0.991146 | 0.946538 | 0.027444 | ACTIVE_HIGH_CONFIDENCE | 95.300000 | -0.047101 | 0.034884 | 0.011097 | -0.007006 | 0.023901 | -0.001442 | yes | -0.005212 |
| anxiety | psychologist_full | psychologist | anxiety__psychologist_full__rebuild_v2__rf__precision_oriented_subset | rebuild_v2 | precision_oriented_subset | engineered_pruned | rf_precision_guard_v2 | rf | none | balanced | 0.380000 | 20270421 | 99 | adhd_hypimp_01_fidgets|adhd_hypimp_02_leaves_seat|adhd_hypimp_03_runs_or_climbs_inappropriately|adhd_hypimp_04_cannot_play_quietly|adhd_hypimp_05_driven_by_motor|adhd_hypimp_06_talks_excessively|adhd_hypimp_07_blurts_out|adhd_hypimp_08_difficulty_waiting_turn|adhd_hypimp_09_interrupts_intrudes|adhd_impairment_home|adhd_impairment_school|adhd_impairment_social|adhd_inatt_01_attention_to_detail_errors|adhd_inatt_02_sustained_attention_difficulty|adhd_inatt_03_seems_not_listening|adhd_inatt_04_fails_to_finish_tasks|adhd_inatt_05_organization_difficulty|adhd_inatt_06_avoids_sustained_effort|adhd_inatt_07_loses_things|adhd_inatt_08_easily_distracted|adhd_inatt_09_forgetful_daily_activities|age_years|agor_almost_always_triggered|agor_avoid_or_need_companion|agor_disproportionate|agor_duration_months|agor_escape_help_cognition|agor_fear_01_public_transport|agor_fear_02_open_spaces|agor_fear_03_enclosed_spaces|agor_fear_04_crowds_queues|agor_fear_05_outside_home_alone|agor_impairment|conduct_04_physical_cruelty_people|conduct_14_runs_away_overnight|conduct_impairment_global|dmdd_duration_months|dmdd_irritable_between_outbursts|dmdd_outbursts_frequency_per_week|dmdd_outbursts_severity|eng_adhd_context_spread|eng_adhd_core_mean|eng_anxiety_core_mean|eng_conduct_core_mean|eng_depression_core_mean|eng_elimination_intensity|eng_externalizing_index|eng_internalizing_index|eng_mood_discrepancy|enuresis_not_due_substance_medical|gad_assoc_01_restlessness|gad_assoc_02_fatigue|gad_assoc_03_concentration_difficulty|gad_assoc_04_irritability|gad_assoc_05_muscle_tension|gad_assoc_06_sleep_problems|gad_difficulty_controlling_worry|gad_duration_months|gad_excessive_worry_multiple_areas|gad_impairment|mdd_01_depressed_or_irritable_mood|mdd_02_loss_of_interest_or_pleasure|mdd_03_weight_or_appetite_change|mdd_04_sleep_change|mdd_05_psychomotor_change|mdd_06_fatigue_or_low_energy|mdd_07_worthlessness_or_excessive_guilt|mdd_08_concentration_or_decision_difficulty|mdd_09_death_or_suicidal_thoughts|mdd_duration_weeks|mdd_impairment|pdd_01_appetite_change|pdd_02_sleep_change|pdd_03_low_energy|pdd_04_low_self_esteem|pdd_05_concentration_difficulty|pdd_06_hopelessness|pdd_depressed_or_irritable_mood|pdd_duration_months_child|pdd_impairment|sep_anx_01_distress_on_separation|sep_anx_02_worry_losing_attachment_figures|sep_anx_03_worry_event_causing_separation|sep_anx_04_refuses_leaving_home_school|sep_anx_05_fear_being_alone_without_attachment|sep_anx_06_refuses_sleep_away_or_alone|sep_anx_07_separation_nightmares|sep_anx_08_physical_complaints_on_separation|sep_anx_duration_weeks|sep_anx_impairment|sex_assigned_at_birth|social_anxiety_almost_always_triggered|social_anxiety_avoid_or_endure_intense|social_anxiety_duration_months|social_anxiety_fear_being_observed|social_anxiety_fear_interactions|social_anxiety_fear_negative_evaluation|social_anxiety_fear_performance|social_anxiety_impairment|social_anxiety_not_better_explained | 0.940741 | 0.984496 | 0.985480 | 0.880435 | 0.941860 | 0.956971 | 0.842105 | 0.930233 | 0.961929 | 0.946081 | 0.883978 | 0.991914 | 0.959182 | 0.026435 | 0.028509 | 0.010890 | bueno | 0.831567 | 0.932651 | 0.933852 | 0.991914 | yes | no | eng_anxiety_core_mean | eng_anxiety_core_mean >= 1.22222 | 0.936460 | -0.009621 | PROMOTE_NOW | yes | yes | no | yes | 0.915663 | 0.883721 | 0.982234 | 0.932977 | 0.899408 | 0.991161 | 0.944218 | 0.026761 | ACTIVE_HIGH_CONFIDENCE | 94.500000 | -0.073557 | 0.046512 | 0.013104 | -0.015430 | 0.014964 | -0.000326 | yes | -0.014736 |
| anxiety | caregiver_2_3 | caregiver | anxiety__caregiver_2_3__rebuild_v2__rf__compact_subset | rebuild_v2 | compact_subset | engineered_pruned | rf_precision_guard_v2 | rf | none | balanced | 0.480000 | 20270421 | 68 | adhd_hypimp_01_fidgets|adhd_hypimp_02_leaves_seat|adhd_hypimp_04_cannot_play_quietly|adhd_hypimp_05_driven_by_motor|adhd_hypimp_06_talks_excessively|adhd_inatt_02_sustained_attention_difficulty|adhd_inatt_03_seems_not_listening|adhd_inatt_07_loses_things|age_years|agor_avoid_or_need_companion|agor_duration_months|agor_escape_help_cognition|agor_fear_01_public_transport|agor_fear_02_open_spaces|agor_fear_03_enclosed_spaces|agor_impairment|dmdd_duration_months|dmdd_irritable_between_outbursts|dmdd_outbursts_frequency_per_week|eng_adhd_context_spread|eng_adhd_core_mean|eng_anxiety_core_mean|eng_conduct_core_mean|eng_depression_core_mean|eng_elimination_intensity|eng_externalizing_index|eng_internalizing_index|eng_mood_discrepancy|gad_assoc_01_restlessness|gad_assoc_02_fatigue|gad_assoc_03_concentration_difficulty|gad_assoc_04_irritability|gad_assoc_05_muscle_tension|gad_assoc_06_sleep_problems|gad_difficulty_controlling_worry|gad_duration_months|gad_excessive_worry_multiple_areas|gad_impairment|mdd_01_depressed_or_irritable_mood|mdd_02_loss_of_interest_or_pleasure|mdd_03_weight_or_appetite_change|mdd_04_sleep_change|mdd_05_psychomotor_change|mdd_06_fatigue_or_low_energy|mdd_07_worthlessness_or_excessive_guilt|mdd_08_concentration_or_decision_difficulty|mdd_09_death_or_suicidal_thoughts|mdd_duration_weeks|mdd_impairment|pdd_duration_months_child|sep_anx_01_distress_on_separation|sep_anx_02_worry_losing_attachment_figures|sep_anx_03_worry_event_causing_separation|sep_anx_04_refuses_leaving_home_school|sep_anx_05_fear_being_alone_without_attachment|sep_anx_06_refuses_sleep_away_or_alone|sep_anx_07_separation_nightmares|sep_anx_08_physical_complaints_on_separation|sep_anx_duration_weeks|sep_anx_impairment|social_anxiety_almost_always_triggered|social_anxiety_avoid_or_endure_intense|social_anxiety_duration_months|social_anxiety_fear_being_observed|social_anxiety_fear_interactions|social_anxiety_fear_negative_evaluation|social_anxiety_fear_performance|social_anxiety_impairment | 0.950570 | 0.968992 | 0.978997 | 0.909091 | 0.930233 | 0.954964 | 0.868132 | 0.918605 | 0.969543 | 0.944074 | 0.892655 | 0.991914 | 0.957210 | 0.026805 | 0.024033 | 0.010890 | bueno | 0.838635 | 0.934237 | 0.937289 | 0.991914 | yes | no | eng_anxiety_core_mean | eng_anxiety_core_mean >= 1.22222 | 0.936460 | -0.007614 | PROMOTE_NOW | yes | yes | no | yes | 0.873563 | 0.883721 | 0.972081 | 0.927901 | 0.878613 | 0.991884 | 0.952481 | 0.030676 | ACTIVE_HIGH_CONFIDENCE | 89.700000 | -0.005431 | 0.034884 | 0.016173 | 0.014043 | 0.004729 | -0.003870 | yes | 0.007368 |
| anxiety | psychologist_2_3 | psychologist | anxiety__psychologist_2_3__rebuild_v2__rf__precision_oriented_subset | rebuild_v2 | precision_oriented_subset | engineered_pruned | rf_precision_guard_v2 | rf | none | balanced | 0.380000 | 20270421 | 69 | adhd_hypimp_01_fidgets|adhd_hypimp_02_leaves_seat|adhd_hypimp_05_driven_by_motor|adhd_hypimp_07_blurts_out|adhd_impairment_home|adhd_impairment_school|adhd_impairment_social|age_years|agor_avoid_or_need_companion|agor_duration_months|agor_escape_help_cognition|agor_fear_01_public_transport|agor_fear_02_open_spaces|agor_fear_03_enclosed_spaces|agor_fear_04_crowds_queues|agor_fear_05_outside_home_alone|agor_impairment|dmdd_duration_months|dmdd_outbursts_frequency_per_week|eng_adhd_context_spread|eng_adhd_core_mean|eng_anxiety_core_mean|eng_conduct_core_mean|eng_depression_core_mean|eng_elimination_intensity|eng_externalizing_index|eng_internalizing_index|eng_mood_discrepancy|gad_assoc_01_restlessness|gad_assoc_02_fatigue|gad_assoc_03_concentration_difficulty|gad_assoc_04_irritability|gad_assoc_05_muscle_tension|gad_assoc_06_sleep_problems|gad_difficulty_controlling_worry|gad_duration_months|gad_excessive_worry_multiple_areas|gad_impairment|mdd_01_depressed_or_irritable_mood|mdd_02_loss_of_interest_or_pleasure|mdd_03_weight_or_appetite_change|mdd_04_sleep_change|mdd_05_psychomotor_change|mdd_06_fatigue_or_low_energy|mdd_07_worthlessness_or_excessive_guilt|mdd_08_concentration_or_decision_difficulty|mdd_09_death_or_suicidal_thoughts|mdd_duration_weeks|mdd_impairment|pdd_depressed_or_irritable_mood|pdd_duration_months_child|sep_anx_01_distress_on_separation|sep_anx_02_worry_losing_attachment_figures|sep_anx_03_worry_event_causing_separation|sep_anx_04_refuses_leaving_home_school|sep_anx_05_fear_being_alone_without_attachment|sep_anx_06_refuses_sleep_away_or_alone|sep_anx_07_separation_nightmares|sep_anx_08_physical_complaints_on_separation|sep_anx_duration_weeks|sep_anx_impairment|sex_assigned_at_birth|social_anxiety_almost_always_triggered|social_anxiety_avoid_or_endure_intense|social_anxiety_duration_months|social_anxiety_fear_being_observed|social_anxiety_fear_interactions|social_anxiety_fear_negative_evaluation|social_anxiety_fear_performance|social_anxiety_impairment | 0.930403 | 0.984496 | 0.984211 | 0.863158 | 0.953488 | 0.960247 | 0.824742 | 0.930233 | 0.956853 | 0.943543 | 0.874317 | 0.991884 | 0.966313 | 0.027676 | 0.023964 | 0.016704 | aceptable | 0.826034 | 0.931741 | 0.933836 | 0.991884 | yes | no | eng_anxiety_core_mean | eng_anxiety_core_mean >= 1.22222 | 0.936460 | -0.007083 | PROMOTE_NOW | yes | yes | no | yes | 0.905882 | 0.895349 | 0.979695 | 0.937522 | 0.900585 | 0.989818 | 0.930288 | 0.030218 | ACTIVE_HIGH_CONFIDENCE | 93.800000 | -0.081140 | 0.034884 | 0.006021 | -0.026268 | 0.036025 | -0.002542 | yes | -0.016171 |
| depression | caregiver_full | caregiver | depression__caregiver_full__boosted_v3__catboost__full_eligible | boosted_v3 | full_eligible | full_eligible | hgb_regularized_v1 | hgb | none | balanced | 0.515000 | 20270421 | 126 | adhd_context_home|adhd_context_other|adhd_context_school|adhd_hypimp_01_fidgets|adhd_hypimp_02_leaves_seat|adhd_hypimp_03_runs_or_climbs_inappropriately|adhd_hypimp_04_cannot_play_quietly|adhd_hypimp_05_driven_by_motor|adhd_hypimp_06_talks_excessively|adhd_hypimp_07_blurts_out|adhd_hypimp_08_difficulty_waiting_turn|adhd_hypimp_09_interrupts_intrudes|adhd_impairment_home|adhd_impairment_school|adhd_impairment_social|adhd_inatt_01_attention_to_detail_errors|adhd_inatt_02_sustained_attention_difficulty|adhd_inatt_03_seems_not_listening|adhd_inatt_04_fails_to_finish_tasks|adhd_inatt_05_organization_difficulty|adhd_inatt_06_avoids_sustained_effort|adhd_inatt_07_loses_things|adhd_inatt_08_easily_distracted|adhd_inatt_09_forgetful_daily_activities|adhd_onset_before_12|age_years|agor_almost_always_triggered|agor_avoid_or_need_companion|agor_duration_months|agor_escape_help_cognition|agor_fear_01_public_transport|agor_fear_02_open_spaces|agor_fear_03_enclosed_spaces|agor_fear_04_crowds_queues|agor_fear_05_outside_home_alone|agor_impairment|conduct_01_bullies_threatens_intimidates|conduct_02_initiates_fights|conduct_03_weapon_use|conduct_04_physical_cruelty_people|conduct_05_physical_cruelty_animals|conduct_06_steals_confronting_victim|conduct_07_forced_sex|conduct_08_fire_setting|conduct_09_property_destruction|conduct_10_breaks_into_house_building_car|conduct_11_lies_to_obtain_or_avoid|conduct_12_steals_without_confrontation|conduct_13_stays_out_at_night_before_13|conduct_14_runs_away_overnight|conduct_15_truancy_before_13|conduct_impairment_global|conduct_lpe_01_lack_remorse_guilt|conduct_lpe_02_callous_lack_empathy|conduct_lpe_03_unconcerned_performance|conduct_lpe_04_shallow_deficient_affect|conduct_onset_before_10|dmdd_context_home|dmdd_context_peers|dmdd_context_school|dmdd_duration_months|dmdd_irritable_between_outbursts|dmdd_onset_before_10|dmdd_outbursts_frequency_per_week|dmdd_outbursts_severity|encopresis_constipation_present|encopresis_duration_months_consecutive|encopresis_event_frequency_per_month|encopresis_visible_deposition_pattern|enuresis_distress_impairment|enuresis_diurnal|enuresis_duration_months_consecutive|enuresis_event_frequency_per_week|enuresis_nocturnal|enuresis_primary_course|enuresis_secondary_course|gad_assoc_01_restlessness|gad_assoc_02_fatigue|gad_assoc_03_concentration_difficulty|gad_assoc_04_irritability|gad_assoc_05_muscle_tension|gad_assoc_06_sleep_problems|gad_difficulty_controlling_worry|gad_duration_months|gad_excessive_worry_multiple_areas|gad_impairment|mdd_01_depressed_or_irritable_mood|mdd_02_loss_of_interest_or_pleasure|mdd_03_weight_or_appetite_change|mdd_04_sleep_change|mdd_05_psychomotor_change|mdd_06_fatigue_or_low_energy|mdd_07_worthlessness_or_excessive_guilt|mdd_08_concentration_or_decision_difficulty|mdd_09_death_or_suicidal_thoughts|mdd_duration_weeks|mdd_impairment|pdd_01_appetite_change|pdd_02_sleep_change|pdd_03_low_energy|pdd_04_low_self_esteem|pdd_05_concentration_difficulty|pdd_06_hopelessness|pdd_depressed_or_irritable_mood|pdd_duration_months_child|pdd_impairment|pdd_no_gap_gt_2_months|sep_anx_01_distress_on_separation|sep_anx_02_worry_losing_attachment_figures|sep_anx_03_worry_event_causing_separation|sep_anx_04_refuses_leaving_home_school|sep_anx_05_fear_being_alone_without_attachment|sep_anx_06_refuses_sleep_away_or_alone|sep_anx_07_separation_nightmares|sep_anx_08_physical_complaints_on_separation|sep_anx_duration_weeks|sep_anx_impairment|sex_assigned_at_birth|social_anxiety_almost_always_triggered|social_anxiety_avoid_or_endure_intense|social_anxiety_children_peer_only_flag|social_anxiety_duration_months|social_anxiety_fear_being_observed|social_anxiety_fear_interactions|social_anxiety_fear_negative_evaluation|social_anxiety_fear_performance|social_anxiety_impairment | 1.000000 | 1.000000 | 1.000000 | 0.870588 | 0.902439 | 0.937400 | 0.875000 | 0.853659 | 0.974874 | 0.914266 | 0.864198 | 0.985966 | 0.889889 | 0.035396 | 0.062600 | 0.023134 | bueno | 0.812009 | 0.908526 | 0.911900 | 0.985966 | yes | no | mdd_impairment | mdd_impairment >= 2 | 0.888773 | -0.025493 | HOLD_FOR_LIMITATION | yes | no | no | yes | 0.840909 | 0.948718 | 0.965174 | 0.956946 | 0.891566 | 0.990911 | 0.943474 | 0.029367 | ACTIVE_HIGH_CONFIDENCE | 91.400000 | 0.034091 | -0.095059 | -0.042680 | -0.027369 | -0.053585 | 0.006029 | yes | -0.020577 |
